eval_loss = 1.1352897280074181
eval_acc = 0.3333333333333333
