eval_loss = 1.1139248364766439
eval_acc = 0.37383333333333335
