eval_loss = 1.7345202604532242
eval_acc = 0.5148333333333334
