eval_loss = 1.7939854303921263
eval_acc = 0.5191666666666667
