eval_loss = 1.8753186654834513
eval_acc = 0.49966666666666665
