eval_loss = 2.206740367444272
eval_acc = 0.49166666666666664
