eval_loss = 1.0881437033017476
eval_acc = 0.41591666666666666
