eval_loss = 1.8555659297431508
eval_acc = 0.50475
