eval_loss = 1.8455527997872931
eval_acc = 0.48033333333333333
