eval_loss = 1.1397911899901452
eval_acc = 0.3333333333333333
