eval_loss = 1.1390087989171347
eval_acc = 0.3314166666666667
