eval_loss = 1.8779679487281022
eval_acc = 0.49633333333333335
