eval_loss = 1.1367437698046365
eval_acc = 0.33308333333333334
