eval_loss = 1.1379908974965414
eval_acc = 0.33325
