eval_loss = 1.2469528710588496
eval_acc = 0.16666666666666666
