eval_loss = 1.7992196077009042
eval_acc = 0.52125
