eval_loss = 1.9638063279475937
eval_acc = 0.47533333333333333
