eval_loss = 1.1446121499893513
eval_acc = 0.3333333333333333
