eval_loss = 1.8221463898594181
eval_acc = 0.5211666666666667
