eval_loss = 1.2418074576144522
eval_acc = 0.16666666666666666
