eval_loss = 1.8699402637145621
eval_acc = 0.48033333333333333
