eval_loss = 2.00380118577642
eval_acc = 0.5003333333333333
