eval_loss = 1.1204758896827698
eval_acc = 0.37416666666666665
