eval_loss = 1.1349806933403015
eval_acc = 0.33325
