eval_loss = 1.7784692510614792
eval_acc = 0.5261666666666667
