eval_loss = 1.8365668178872858
eval_acc = 0.49966666666666665
