eval_loss = 1.1360857547124228
eval_acc = 0.33225
