eval_loss = 1.7840223218972484
eval_acc = 0.5191666666666667
