eval_loss = 1.7025456564128398
eval_acc = 0.52525
