eval_loss = 1.0299054745663987
eval_acc = 0.49866666666666665
