eval_loss = 1.1366780637105307
eval_acc = 0.3333333333333333
