eval_loss = 1.9746308499425649
eval_acc = 0.50025
