eval_loss = 1.816451982674288
eval_acc = 0.49666666666666665
