eval_loss = 1.7922156251610277
eval_acc = 0.5106666666666667
