eval_loss = 1.0339225365760478
eval_acc = 0.49966666666666665
