eval_loss = 1.945563428638939
eval_acc = 0.49466666666666664
