eval_loss = 1.0399614071592371
eval_acc = 0.49833333333333335
