eval_loss = 1.6475251656857894
eval_acc = 0.5303333333333333
