eval_loss = 1.8529321177055438
eval_acc = 0.5076666666666667
