eval_loss = 1.7780190965806444
eval_acc = 0.5185833333333333
