eval_loss = 2.2010678540162267
eval_acc = 0.5013333333333333
