eval_loss = 1.736929042669634
eval_acc = 0.5130833333333333
