eval_loss = 1.1282908056577046
eval_acc = 0.3319166666666667
