eval_loss = 1.7442901705173737
eval_acc = 0.5196666666666667
