eval_loss = 1.8532991324293804
eval_acc = 0.47833333333333333
