eval_loss = 1.9486751981238102
eval_acc = 0.5016666666666667
