eval_loss = 1.1349644400972
eval_acc = 0.3333333333333333
