eval_loss = 1.0356170237064362
eval_acc = 0.49833333333333335
