eval_loss = 1.9449840349555017
eval_acc = 0.50975
