eval_loss = 1.8453931402886907
eval_acc = 0.5173333333333333
