eval_loss = 1.2348444151117446
eval_acc = 0.16666666666666666
