eval_loss = 2.0809372184560337
eval_acc = 0.5033333333333333
