eval_loss = 1.109269958972931
eval_acc = 0.3749166666666667
