eval_loss = 1.0793210724194844
eval_acc = 0.41508333333333336
