eval_loss = 1.7426551399316559
eval_acc = 0.5326666666666666
