eval_loss = 1.136590022990044
eval_acc = 0.3313333333333333
