eval_loss = 1.0364361703395844
eval_acc = 0.49766666666666665
