eval_loss = 1.0437681674957275
eval_acc = 0.49933333333333335
