eval_loss = 1.131483801205953
eval_acc = 0.3333333333333333
