eval_loss = 1.8727843246633809
eval_acc = 0.5105833333333333
