eval_loss = 1.5332574179950864
eval_acc = 0.5643333333333334
