eval_loss = 1.8342825127715865
eval_acc = 0.5150833333333333
