eval_loss = 1.8434446269864255
eval_acc = 0.49133333333333334
