eval_loss = 2.069324499392446
eval_acc = 0.4806666666666667
