eval_loss = 1.8267411101510127
eval_acc = 0.51425
