eval_loss = 1.222456268807675
eval_acc = 0.16666666666666666
