eval_loss = 1.76717930773894
eval_acc = 0.5163333333333333
