eval_loss = 1.8468560717524367
eval_acc = 0.49066666666666664
