eval_loss = 1.7653410306101045
eval_acc = 0.5251666666666667
