eval_loss = 1.9540126947091614
eval_acc = 0.47733333333333333
