eval_loss = 1.1122449626922608
eval_acc = 0.37433333333333335
