eval_loss = 1.1378769836527236
eval_acc = 0.3333333333333333
