eval_loss = 1.8584406252329548
eval_acc = 0.5185833333333333
