eval_loss = 1.0898526166280111
eval_acc = 0.41525
