eval_loss = 1.1376985328992208
eval_acc = 0.33325
