eval_loss = 1.1354503916104635
eval_acc = 0.33116666666666666
