eval_loss = 1.8196146384229264
eval_acc = 0.5046666666666667
