eval_loss = 1.0895322709083557
eval_acc = 0.41658333333333336
