eval_loss = 1.6171846192607537
eval_acc = 0.5543333333333333
