eval_loss = 1.1392579770088196
eval_acc = 0.3324166666666667
