eval_loss = 1.044080079235929
eval_acc = 0.49833333333333335
