eval_loss = 1.10884654935201
eval_acc = 0.37416666666666665
