eval_loss = 1.8729401680422908
eval_acc = 0.49733333333333335
