eval_loss = 1.1089016709327697
eval_acc = 0.3749166666666667
