eval_loss = 1.1342794496218362
eval_acc = 0.33166666666666667
