eval_loss = 1.824474583821992
eval_acc = 0.5148333333333334
