eval_loss = 1.1385357020696005
eval_acc = 0.3323333333333333
