eval_loss = 1.9858595536764156
eval_acc = 0.49566666666666664
