eval_loss = 1.1097963693936665
eval_acc = 0.37475
