eval_loss = 2.1145620329226267
eval_acc = 0.47933333333333333
