eval_loss = 1.7400940126081308
eval_acc = 0.5210833333333333
