eval_loss = 1.8057179558823506
eval_acc = 0.5120833333333333
