eval_loss = 1.8201999577184518
eval_acc = 0.5160833333333333
