eval_loss = 1.139631013393402
eval_acc = 0.33316666666666667
