eval_loss = 1.1345472189585368
eval_acc = 0.3328333333333333
