eval_loss = 1.843208288900554
eval_acc = 0.5149166666666667
