eval_loss = 1.7968990690808029
eval_acc = 0.5286666666666666
