eval_loss = 1.0510168969631195
eval_acc = 0.49866666666666665
