eval_loss = 1.1086318209966024
eval_acc = 0.3749166666666667
