eval_loss = 1.1408548989194505
eval_acc = 0.33266666666666667
