eval_loss = 1.1388167626063028
eval_acc = 0.33316666666666667
