eval_loss = 1.084636007785797
eval_acc = 0.4166666666666667
