eval_loss = 1.844696229574581
eval_acc = 0.5183333333333333
