eval_loss = 1.0261688257785553
eval_acc = 0.49933333333333335
