eval_loss = 1.1442415834741388
eval_acc = 0.33266666666666667
