eval_loss = 1.7554802515779933
eval_acc = 0.5138333333333334
