eval_loss = 1.1375383927027385
eval_acc = 0.33316666666666667
