eval_loss = 1.8069781877994537
eval_acc = 0.5136666666666667
