eval_loss = 1.7930952970810392
eval_acc = 0.49966666666666665
