eval_loss = 1.7733592153216402
eval_acc = 0.51875
