eval_loss = 1.7457406892056266
eval_acc = 0.5158333333333334
