eval_loss = 1.8870957671850919
eval_acc = 0.5086666666666667
