eval_loss = 1.8421907135297855
eval_acc = 0.5084166666666666
