eval_loss = 1.7827394718304277
eval_acc = 0.52125
