eval_loss = 1.026357869518564
eval_acc = 0.49666666666666665
