eval_loss = 1.2304505103446068
eval_acc = 0.16666666666666666
