eval_loss = 1.1134407919772127
eval_acc = 0.3333333333333333
