eval_loss = 2.030161008674731
eval_acc = 0.4663333333333333
