eval_loss = 1.1402769158681234
eval_acc = 0.3333333333333333
