eval_loss = 1.1113797713915508
eval_acc = 0.37483333333333335
