eval_loss = 1.8335354962671797
eval_acc = 0.5211666666666667
